100
5
1 2
2 3
2 4
3 4
3 5
3
1 2
1 3
2 3
17
1 2
1 4
1 8
1 10
2 3
2 6
2 17
3 7
3 9
4 5
7 9
7 11
7 14
7 16
11 12
11 13
11 15
18
1 2
1 3
1 5
1 8
1 9
3 4
3 11
3 16
5 6
6 7
6 12
6 15
7 15
9 10
9 13
9 14
12 17
17 18
16
1 2
1 3
1 11
1 12
1 16
2 5
2 8
2 12
3 4
3 6
3 13
4 14
6 7
7 9
8 10
14 15
27
1 2
1 5
1 7
2 3
2 4
2 8
2 15
3 6
3 13
3 17
4 14
4 16
4 17
5 21
6 9
6 11
7 10
7 12
8 25
11 19
11 20
11 27
13 23
15 18
15 26
18 22
22 24
4
1 2
1 3
1 4
2 3
12
1 2
1 3
1 6
3 4
3 5
3 8
3 10
6 7
6 12
7 9
8 12
10 11
9
1 2
1 6
1 9
2 3
3 4
3 5
4 6
6 7
7 8
10
1 2
1 3
3 4
3 6
4 5
6 7
6 10
7 8
7 10
8 9
4
1 2
1 3
1 4
3 4
6
1 2
1 3
2 6
3 4
4 5
5 6
18
1 2
1 3
2 4
2 5
2 14
2 15
3 7
3 9
3 12
3 17
4 6
4 10
5 11
5 13
7 8
12 16
12 18
13 14
19
1 2
1 3
1 4
1 5
1 7
1 11
2 11
3 6
3 8
3 9
3 18
4 15
7 12
7 16
8 10
9 13
11 17
12 14
13 19
30
1 2
1 4
1 8
1 21
2 3
2 6
3 5
3 7
3 16
4 12
4 28
5 10
5 25
5 26
6 14
6 18
6 29
7 11
7 13
7 17
7 19
7 30
8 9
10 15
10 23
12 17
12 24
13 22
13 27
16 20
14
1 2
1 3
1 4
2 6
3 8
4 5
4 7
5 12
6 11
7 8
7 9
8 10
8 13
11 14
4
1 2
1 4
2 3
2 4
24
1 2
1 7
1 9
1 11
1 12
1 16
2 3
2 21
3 4
3 6
4 5
6 17
7 8
7 19
8 13
9 10
9 20
9 22
11 15
11 18
12 14
12 22
16 23
23 24
6
1 2
1 3
1 5
1 6
3 4
3 5
28
1 2
1 4
1 6
2 3
2 21
2 28
3 5
3 7
4 8
5 9
5 10
5 15
5 20
6 26
7 18
8 13
8 14
9 12
9 17
10 11
10 14
10 16
10 25
14 23
15 19
16 22
17 24
25 27
16
1 2
1 7
1 11
1 12
2 3
2 5
3 4
4 6
4 9
5 8
5 16
6 10
6 14
8 15
11 13
12 14
11
1 2
1 8
2 3
2 4
2 9
2 10
3 6
3 7
3 11
4 5
6 8
30
1 2
2 3
3 4
4 5
5 6
6 7
7 8
8 9
9 10
10 11
11 12
12 13
13 14
14 15
15 16
16 17
17 18
18 19
19 20
20 21
21 22
22 23
23 24
24 25
25 26
26 27
27 28
28 29
28 30
29 30
24
1 2
1 4
1 6
2 3
2 10
3 13
3 15
3 20
3 21
3 22
4 5
4 12
5 8
6 7
6 24
7 9
10 11
11 20
12 16
13 14
14 17
16 23
17 18
18 19
5
1 2
1 3
2 4
2 5
3 4
8
1 2
1 5
1 7
2 3
2 5
3 4
3 8
4 6
6
1 2
1 4
2 3
2 6
3 5
5 6
7
1 2
1 3
1 5
1 6
2 5
3 4
5 7
11
1 2
1 3
1 4
1 8
1 11
2 5
2 6
2 10
3 5
4 9
6 7
5
1 2
2 3
2 4
3 5
4 5
26
1 2
1 3
1 11
2 4
2 5
2 20
3 7
3 19
4 6
5 12
5 17
6 8
6 16
7 10
7 16
7 24
8 9
9 18
11 13
12 14
12 25
13 15
13 22
13 23
14 21
18 26
24
1 2
1 3
1 6
1 11
2 4
2 5
2 7
2 13
3 15
3 21
4 8
5 9
6 14
7 12
7 16
8 22
9 10
11 14
11 23
11 24
12 19
15 17
16 18
16 20
18
1 2
1 3
2 4
3 9
4 5
4 6
4 8
4 11
5 7
5 10
5 12
5 14
5 17
5 18
7 15
8 16
11 13
12 13
22
1 2
1 5
1 6
2 3
2 4
2 9
2 10
2 11
4 13
5 7
5 8
6 16
8 14
9 10
11 12
11 17
13 15
15 18
15 19
16 20
19 21
20 22
20
1 2
1 6
1 10
1 11
1 13
1 17
2 3
2 4
2 7
4 5
4 9
4 14
5 18
6 16
7 8
8 12
9 12
11 15
11 19
13 20
22
1 2
1 3
1 14
1 16
2 4
2 10
2 18
3 5
3 7
3 13
4 6
6 8
6 9
6 15
6 21
7 20
8 12
9 11
9 17
14 17
15 19
17 22
26
1 2
1 3
1 4
1 10
1 21
2 24
3 6
3 9
4 5
4 11
4 15
5 7
6 20
7 8
7 14
9 13
10 15
11 12
11 16
14 17
15 19
15 22
15 23
16 18
20 26
22 25
7
1 2
1 3
1 6
2 4
3 5
3 7
5 7
7
1 2
1 3
1 4
2 4
3 5
3 6
6 7
29
1 2
1 6
1 7
1 27
1 28
2 3
3 4
3 9
3 14
4 5
4 13
5 8
5 15
5 23
6 10
6 12
6 20
6 26
7 11
8 22
10 21
11 16
11 17
12 15
12 18
14 19
16 24
21 25
21 29
29
1 2
1 4
1 20
2 3
2 6
2 21
3 5
3 7
3 9
3 15
4 11
5 10
5 28
6 8
6 13
6 23
7 29
9 26
10 12
10 14
11 19
11 25
14 18
14 27
15 16
15 22
15 24
16 17
18 21
11
1 2
1 3
1 8
1 10
2 4
2 6
3 5
3 9
6 7
6 11
7 9
4
1 2
1 3
2 3
2 4
18
1 2
1 3
1 12
1 14
1 17
2 4
2 11
3 5
4 15
5 6
5 7
5 9
5 16
6 8
7 10
9 13
10 18
11 16
26
1 2
1 3
1 8
1 13
2 4
2 7
2 21
2 23
3 5
4 12
5 6
5 10
5 11
6 9
7 17
8 20
8 22
10 14
10 18
13 16
14 15
15 24
15 26
18 19
19 26
21 25
27
1 2
1 4
1 18
1 19
1 24
1 26
2 3
2 12
2 15
3 7
3 9
4 5
4 6
4 8
4 13
4 25
6 10
6 11
6 14
6 23
7 16
8 16
9 17
11 21
14 20
19 22
19 27
7
1 2
1 3
1 4
1 5
3 6
3 7
5 7
11
1 2
1 6
1 8
1 9
1 11
2 3
2 5
3 4
5 7
5 8
7 10
4
1 2
1 3
2 4
3 4
9
1 2
1 3
1 7
1 8
2 4
2 5
2 6
2 7
2 9
10
1 2
1 4
1 6
2 3
2 4
2 5
2 8
6 7
6 9
8 10
12
1 2
2 3
2 4
3 8
3 11
4 5
4 7
4 10
5 6
5 9
6 12
10 12
13
1 2
1 8
2 3
2 5
2 13
3 4
3 6
3 8
3 11
4 7
7 9
7 12
9 10
16
1 2
1 3
1 4
2 6
3 7
4 5
5 9
5 14
6 11
7 8
7 10
9 13
9 16
10 12
11 15
13 15
30
1 2
1 3
1 4
2 6
2 16
3 5
3 9
3 13
3 22
3 28
4 7
4 15
4 30
5 11
6 18
7 8
8 10
8 21
8 22
10 12
11 14
11 24
14 17
14 19
14 20
14 25
16 29
17 27
18 23
20 26
13
1 2
1 11
2 3
2 4
2 5
2 7
3 7
3 12
4 6
6 8
7 10
8 9
12 13
30
1 2
1 3
2 3
3 4
4 5
5 6
6 7
7 8
8 9
9 10
10 11
11 12
12 13
13 14
14 15
15 16
16 17
17 18
18 19
19 20
20 21
21 22
22 23
23 24
24 25
25 26
26 27
27 28
28 29
29 30
28
1 2
1 3
1 5
2 4
3 5
3 7
3 18
4 10
4 20
4 25
4 27
5 6
5 13
5 14
6 15
7 8
7 9
8 11
10 16
10 17
11 12
14 24
15 23
15 28
16 26
17 19
19 21
21 22
20
1 2
1 3
2 4
2 6
2 8
3 5
3 7
4 11
4 13
6 18
7 16
8 9
8 10
8 12
9 14
9 17
10 13
12 15
12 20
16 19
8
1 2
1 5
2 3
3 4
3 6
4 7
5 8
6 8
16
1 2
1 3
1 4
2 8
2 12
3 5
3 6
3 7
4 10
4 12
4 14
5 11
7 9
7 15
8 13
14 16
30
1 2
1 30
2 3
3 4
4 5
5 6
6 7
7 8
8 9
9 10
10 11
11 12
12 13
13 14
14 15
15 16
16 17
17 18
18 19
19 20
20 21
21 22
22 23
23 24
24 25
25 26
26 27
27 28
28 29
29 30
18
1 2
1 3
2 4
2 6
2 7
3 5
3 7
3 12
4 9
4 13
5 16
6 8
8 14
9 10
9 11
14 15
14 18
16 17
30
1 2
1 4
1 15
1 21
2 3
2 6
2 13
3 5
3 12
3 17
3 22
3 25
3 29
4 11
4 14
5 7
5 9
5 20
5 26
7 8
7 10
7 23
8 18
9 19
11 15
13 16
13 27
16 24
22 28
28 30
25
1 2
1 20
2 3
2 4
2 7
2 8
3 6
3 11
3 15
4 5
6 14
6 19
7 17
7 18
7 22
8 9
8 10
11 12
11 16
12 13
12 25
15 23
16 22
17 21
21 24
5
1 2
1 3
1 4
2 3
4 5
7
1 2
1 4
1 6
2 3
3 5
4 5
4 7
29
1 2
1 5
1 18
2 3
2 4
2 6
2 9
2 13
3 12
4 7
4 8
4 11
6 15
7 10
7 23
8 25
9 14
9 19
9 24
11 17
11 20
13 16
14 22
15 29
17 26
20 21
24 27
24 28
24 29
11
1 2
1 4
1 5
1 6
1 7
1 10
2 3
4 6
4 8
4 9
4 11
29
1 2
1 3
1 8
1 9
1 11
1 29
2 6
2 23
3 4
3 16
4 5
6 7
6 13
6 18
6 20
6 21
7 24
8 12
8 19
9 10
9 16
10 15
10 17
13 14
13 22
15 25
15 26
20 27
26 28
21
1 2
1 3
1 5
2 4
2 10
2 12
2 19
3 11
3 14
4 6
4 20
5 7
5 16
6 9
6 15
6 17
7 8
12 13
13 18
16 17
18 21
27
1 2
1 3
1 4
1 7
1 14
2 5
2 8
2 9
2 10
2 11
2 17
2 19
2 25
4 6
7 26
8 12
9 13
11 18
11 23
12 16
13 20
14 15
14 20
16 21
16 22
20 27
22 24
27
1 2
1 3
1 6
1 7
2 5
2 18
2 20
3 4
3 8
3 9
3 12
3 19
4 13
5 15
5 21
5 24
6 25
7 10
7 11
9 23
10 14
10 16
10 24
16 17
16 27
20 22
23 26
8
1 2
1 3
1 4
1 5
1 8
4 8
5 6
5 7
29
1 2
1 3
1 7
1 10
1 26
3 4
3 5
3 13
3 24
4 6
4 25
6 8
6 9
7 14
7 15
7 16
7 17
8 20
8 28
9 11
9 18
10 12
11 22
12 23
12 26
13 19
13 27
17 29
20 21
16
1 2
1 3
1 6
1 9
2 12
2 13
2 16
3 4
4 5
4 7
5 11
6 15
7 8
7 10
7 14
8 15
7
1 2
1 4
1 6
2 3
2 5
3 6
4 7
23
1 2
1 4
1 5
1 9
1 14
1 19
2 3
2 15
4 6
4 8
4 12
4 18
5 7
6 11
7 10
7 13
8 17
9 16
9 21
12 14
16 22
17 20
18 23
30
1 2
1 6
1 15
2 3
2 7
2 10
3 4
3 5
3 12
3 16
3 18
4 19
4 22
4 27
5 26
6 9
6 14
7 8
8 11
8 25
9 13
10 12
11 21
12 17
12 30
14 23
14 28
15 20
15 24
19 29
19
1 2
1 18
2 3
2 19
3 4
3 6
3 9
3 10
4 5
5 8
6 7
6 11
6 14
9 12
10 13
11 15
12 14
12 16
13 17
6
1 2
1 3
1 4
1 6
3 4
4 5
9
1 2
1 3
1 6
2 5
2 8
3 4
3 7
5 7
6 9
10
1 2
1 3
1 5
3 4
3 6
3 7
3 8
3 9
6 10
8 9
24
1 2
1 9
2 3
2 4
2 6
2 7
2 10
2 18
3 5
4 17
5 15
5 24
6 11
6 16
7 8
7 20
7 23
9 12
9 14
10 22
11 21
12 13
15 19
15 23
27
1 2
1 8
1 9
1 27
2 3
2 5
2 7
2 10
2 14
3 4
4 6
4 20
4 25
5 11
5 13
5 23
5 26
7 19
7 23
9 16
10 17
11 12
12 15
12 18
17 21
19 24
21 22
4
1 2
1 3
1 4
2 4
26
1 2
1 7
2 3
2 6
2 9
3 4
3 14
4 5
4 16
4 17
4 23
5 19
6 20
7 8
8 11
8 12
8 25
9 10
12 13
12 21
14 15
14 22
17 18
17 24
18 19
20 26
30
1 2
1 4
1 9
1 19
2 3
2 7
2 8
3 5
3 11
3 14
3 18
4 6
4 22
4 29
6 12
6 16
7 20
8 17
8 26
9 10
9 13
9 27
10 15
11 21
12 28
14 24
17 25
20 30
22 23
26 30
6
1 2
1 3
1 4
1 5
3 6
4 5
8
1 2
1 3
1 6
2 4
3 4
3 7
3 8
4 5
17
1 2
1 3
1 4
1 8
1 11
2 6
2 7
2 15
3 9
3 12
3 13
4 5
4 13
5 16
6 10
9 14
9 17
8
1 2
1 3
1 5
1 7
2 4
2 6
2 8
7 8
16
1 2
1 4
1 5
1 11
1 15
2 3
2 6
3 8
3 13
5 7
5 10
5 14
7 15
8 9
10 12
10 16
27
1 2
1 3
2 4
2 5
2 10
3 20
4 6
4 19
5 7
5 14
6 8
6 9
6 18
7 11
7 16
7 26
8 13
8 24
11 12
14 15
14 25
15 17
15 27
17 21
18 23
19 22
24 26
17
1 2
1 3
1 5
1 11
2 4
2 7
2 9
4 6
4 8
4 11
4 13
6 12
7 17
9 10
11 14
11 15
15 16
29
1 2
1 3
1 4
1 12
2 10
3 8
4 5
4 7
4 25
4 26
4 27
5 6
5 13
7 9
7 11
8 22
9 28
10 14
10 18
10 29
13 15
13 22
15 16
16 17
16 21
17 20
18 19
18 23
21 24
9
1 2
2 3
2 4
2 6
2 7
3 5
4 9
5 8
6 8
8
1 2
1 4
1 5
1 8
2 3
3 6
3 7
6 8
28
1 2
1 3
1 10
1 13
3 4
3 13
3 19
4 5
4 6
4 21
5 8
6 7
6 9
6 23
8 18
9 12
9 15
9 22
10 11
10 16
11 24
12 14
15 20
15 25
16 17
17 27
19 26
26 28
13
1 2
1 3
1 8
1 11
2 9
2 12
3 4
3 6
4 5
4 10
4 13
6 7
8 12
