100
800000 10000 32337 38771 18605 65200 76842 31531 44062
200000 10000 84396 39412 61203 44774 24525 94200 77049
900000 10000 59735 43292 90739 31495 61055 37944 93119
610000 1264 79484 77584 41814 24711 82307 12132 35645
600000 10000 35457 85528 8819 57767 45882 38682 78893
500000 10000 23295 70138 78875 31926 96999 69464 28112
140000 6532 33447 11612 55516 98780 46360 25800 4606
100000 10000 42162 58895 7853 66378 83622 93030 98154
90000 6401 64906 28678 69298 23622 17164 51836 97645
630000 4232 86727 42207 92901 62956 35027 50228 22587
540000 8002 92722 55253 67153 94064 26770 31509 6104
400000 10000 80044 96786 7224 2032 81375 37752 93735
280000 7936 48143 77689 12509 48179 24732 26921 73691
400000 10000 72787 93229 34289 37511 85919 36235 54093
800000 7902 84580 2463 66929 38221 76664 45972 75156
230000 7472 13508 31835 83412 53693 50864 82987 31780
780000 1056 7319 28721 21889 7796 24932 11514 1111
200000 10000 79157 45771 65146 82924 97083 10024 64320
600000 10000 8034 74491 15194 90104 44318 41764 81622
10 10 10001 10002 10003 10004 10005 10006 89273
140000 4347 76065 70280 7821 87661 54774 95278 13331
900000 10000 39934 82936 12396 96660 22854 36408 38121
180000 7094 81958 30449 97640 25011 31606 764 93626
320000 3821 12461 76151 37449 80949 84031 67764 83790
2 3 1 2 1 2 1 1 9
340000 4689 2698 62840 49339 10150 56948 82491 80525
160000 450 65554 95145 52078 60296 500 80013 4029
400000 10000 58649 8346 27392 27665 3177 78232 51860
600000 10000 33182 16438 71471 77843 2112 59080 55180
700000 10000 72012 37942 18832 3678 62941 10487 76286
200000 10000 88817 49161 59454 17632 5598 40864 69734
340000 8955 17803 73207 69961 42800 99523 87438 10376
110000 6571 37321 5313 59429 5608 19421 12304 9668
400000 10000 52878 44352 78888 88725 33538 64513 30524
900000 8652 9644 80590 45616 61154 18454 35876 92712
340000 3411 74270 25743 64309 7055 26405 32530 1381
840000 3804 79563 2467 68532 79181 34704 84743 96649
700000 10000 72912 25869 39803 30562 49783 96511 23471
800000 10000 65708 14684 41728 51753 89353 32300 65908
400000 4011 35915 95082 65723 11335 15362 69541 47126
600000 1500 21961 63021 98224 95192 15161 75769 69686
400000 10000 56283 10996 99461 56910 8679 80841 89241
390000 4141 37225 36418 34386 72252 14088 26838 44797
1000000 10000 96823 13843 13469 78535 78387 27941 53365
300000 10000 47393 8762 62919 4517 76803 63747 17368
140000 1542 94516 5786 56127 17853 59815 64620 84074
760000 3402 82917 80184 58285 51311 79421 48307 68042
600000 10000 97975 96040 6311 30927 31869 36591 6935
200000 10000 53387 61250 10077 66804 10912 93604 581
100000 10000 64172 53369 23992 10881 56547 93798 97413
900000 10000 25332 93077 85845 11926 27768 86710 29297
300000 10000 48958 82784 66278 82690 44549 70402 20875
870000 7849 8563 71899 66834 97189 65167 70424 51885
500000 10000 27945 58361 23718 96062 8827 7280 8240
300000 10000 60083 75989 42188 55694 48044 83828 15625
880000 7004 1562 33433 4918 50507 48691 91918 39623
500000 10000 94463 98023 41849 42305 50631 16736 63034
900000 10000 90959 81703 67066 21766 25420 56071 5954
700000 10000 61930 70723 21138 21503 33556 48023 32678
900000 10000 31959 82821 87150 49881 87313 25028 68384
910000 2564 39365 16679 43429 5849 48491 45785 93389
1000000 10000 1 1 1 1 1 1 997
700000 1465 8070 88430 75222 28650 23771 90829 26322
650000 7723 41998 21596 63079 7193 69368 54016 94952
350000 764 74107 45676 35203 81111 74708 23030 32402
790000 6227 49382 29338 52717 6503 24729 57691 82737
570000 5826 10644 85598 56725 79555 9188 21890 66115
30000 7949 23221 56165 15673 71827 64974 5979 7548
890000 7432 2768 90737 66984 40334 14738 76411 18484
1000000 10000 100000 100000 100000 100000 100000 100000 100000
740000 5563 88031 88499 31912 52259 76196 5893 50497
900000 10000 15412 53121 91945 78440 87413 60910 36713
200000 10000 72554 74839 52816 37886 74390 51254 88102
180000 8215 13953 97484 70164 88413 59243 87698 86657
310000 5708 52627 42420 10458 83260 72053 15507 12544
250000 2287 82576 58789 88016 6982 54740 85008 93565
400000 10000 27212 18590 47899 22576 38547 51114 15353
600000 6070 27592 32851 94446 84835 83970 76714 15902
800000 3871 55436 74424 23593 64377 35043 91192 93343
100000 3674 88484 19917 44659 47401 76645 54617 12173
780000 8483 67725 31702 69815 86207 61279 1579 13821
900000 10000 2318 2269 67670 65803 48882 90068 39375
800000 10000 65886 52796 38377 83365 14649 6630 82464
400000 10000 38148 15396 84549 23280 33491 89405 54851
900000 10000 56788 93060 3815 83593 4155 28977 30778
600000 10000 38236 79524 61816 68764 95129 6052 91210
680000 5833 29451 76211 70126 46439 88907 78293 55714
1000000 10000 81528 97010 56955 88705 72625 82465 73512
900000 10000 37167 56764 88826 66508 67500 62957 26706
600000 10000 50339 16474 49872 14679 44916 45459 61278
750000 3295 56294 61505 26401 25855 18316 65253 29717
990000 7650 25515 12661 82234 74137 46082 59648 90574
800000 10000 75274 14823 51872 24919 16944 54863 51613
600000 10000 71558 88062 53402 77779 83530 74204 29648
400000 10000 89707 2615 6373 38899 30603 52080 3716
250000 2838 80331 32694 40068 39250 58652 57332 66172
50000 6429 50940 88087 22634 50618 11374 6733 80059
740000 2640 93097 84371 80868 22006 83012 70952 75481
500000 10000 13883 97437 11848 67769 57504 12561 39022
800000 10000 4533 79199 31780 43103 20685 72885 35251
