100
11 12 31489 46813 8194 19360 87490 55543 61645
93 2 5417 42432 40735 48516 86337 58137 40871
31 12 65303 59552 34531 34687 56836 15818 98761
71 8 26575 6998 16555 13598 64172 94325 88972
96 1 24309 95561 2679 48369 40967 50939 68757
86 20 13768 25093 28088 9814 22446 65109 50925
75 17 2483 24960 25256 72510 91569 91045 95988
80 12 94211 3696 24920 82336 29314 90932 22352
11 16 93755 35299 99552 40916 38418 37494 20509
66 19 77374 35922 54890 37786 44898 10875 94287
3 3 4106 38513 47799 383 67399 39126 48203
81 4 98667 78303 9819 69353 87372 71115 92322
46 10 69252 99312 45789 97087 77511 71790 73399
56 7 16493 49192 46290 62 52840 80530 62059
64 7 50942 97308 40817 86771 86632 51846 55349
12 17 46574 30596 17031 44897 90194 72777 12763
67 6 76855 79500 63720 37307 72273 27790 70665
1 20 90052 29521 30390 6302 74044 82187 53548
81 12 53124 11760 99789 39520 27854 44665 43296
37 19 68743 38608 42249 25488 95344 84940 28710
18 2 5548 12944 33142 33765 98952 50695 87083
80 10 43528 91340 82602 9852 16610 94359 8597
28 7 12134 29884 91523 1312 62303 62959 7642
44 7 22640 547 88909 19657 48702 17209 57394
3 7 58715 88173 16518 78587 41717 26029 2007
65 9 67048 58210 34850 16698 71776 86642 4498
19 7 23619 88989 60785 51844 2348 39936 76928
21 8 90575 2433 72549 52186 98573 82682 25986
90 10 21636 8519 93061 45483 37006 6223 75914
100 20 100000 100000 100000 100000 100000 100000 100000
49 1 62208 49100 12457 45599 38390 3860 89868
2 3 1 2 1 2 1 1 9
19 8 35588 20107 99309 93077 35781 55115 41017
45 15 8299 82360 8695 83448 2469 65519 57037
56 11 16242 39476 64750 56639 94884 69037 29568
2 2 59258 94659 57203 40438 12788 167 4093
5 10 49839 41443 72939 61090 95620 65301 41618
47 6 68213 48897 42809 74009 67774 75179 25592
64 19 52207 9470 17262 66514 12130 42972 36300
88 12 45764 94159 34454 4798 26869 49345 62051
70 17 94438 25615 82505 2949 76153 55162 86838
10 10 10001 10002 10003 10004 10005 10006 89273
4 18 96783 88324 45064 43390 33676 58379 71891
80 5 26992 90888 69878 14922 250 60839 27083
59 13 53557 99341 20762 50869 24852 79892 43177
89 14 61172 39499 29212 36946 20670 39835 41325
55 19 36777 57270 32759 20176 80080 5677 37944
17 14 22559 49363 7187 80842 6983 5181 52988
2 13 7707 80854 50548 84004 17857 33155 80592
35 11 62744 4706 1470 68646 85325 40403 27902
52 15 3273 35102 75749 91302 69802 34132 71598
38 2 61836 76406 22932 18616 27062 44530 81829
61 5 34663 95480 57225 23427 26443 11305 43372
40 18 75701 30055 82207 26212 12071 74287 92688
17 3 96088 98138 6725 70009 98511 44094 27049
71 3 66543 98560 78453 54848 13621 33392 17860
5 16 85242 79783 89580 67386 30277 8988 45985
61 10 69958 53385 94965 8708 26159 84327 27843
25 11 17384 98299 77283 5860 49490 17985 91568
70 2 39250 15757 44421 55124 24227 2478 89378
12 4 75066 96387 68148 58202 7352 62998 1042
33 9 67493 38 25029 97593 3332 69003 50001
19 4 66435 26639 66342 93247 94470 51230 28565
29 1 92801 40035 45829 6648 5903 57880 61145
46 5 81898 12444 17740 78057 40549 39743 66246
70 9 90150 86218 40170 74847 35524 53088 65830
11 6 56377 90883 73329 34122 16652 95833 3094
18 1 75511 24332 13095 93571 91394 63464 42987
9 15 20665 31756 37572 40586 9727 83276 46280
48 1 27324 11378 64422 33462 39589 91024 27664
90 1 59696 10752 66249 54003 87602 2648 46628
89 6 98710 64029 34921 55737 72165 21801 73999
49 20 62474 78651 62227 52023 50351 86435 31857
75 14 82808 8214 33946 53819 30617 2716 2362
16 9 42879 65395 72667 28017 4950 29267 24201
43 7 97060 2507 31221 34758 39549 7228 35931
65 8 73223 47293 46953 37700 94205 64771 51279
84 17 88582 70769 85926 65248 65589 32938 49632
20 9 50299 4268 71536 6094 43251 28241 95714
14 11 44506 6284 47746 11503 10452 28301 75793
97 6 50069 99984 38525 77797 72195 67861 34631
92 11 90948 3087 65365 44320 77747 3029 44715
61 1 1733 81972 23607 79288 512 72683 5151
40 5 43389 79385 67088 54843 11525 32458 42946
41 7 78122 52087 50254 87727 69900 96707 39674
81 3 56270 17622 83316 1501 63776 46456 74138
38 17 90176 54279 51588 63733 42974 91865 13121
27 7 38109 65830 2826 84752 43256 26913 57310
31 15 60588 55598 18086 47800 55432 97641 82447
76 1 61099 6551 96895 96045 89342 23150 63602
26 20 29246 43445 45863 24296 97827 21663 87929
63 15 27042 7356 85269 29216 85694 97341 74291
13 19 78645 48717 67357 88452 59589 54595 51741
95 11 86366 74370 75013 78621 10907 32027 5103
11 12 35243 46604 90478 99463 91490 49462 10992
25 1 47569 96285 9892 32645 13604 67555 38772
75 10 49832 45003 47929 38925 12977 26475 5879
4 13 54276 1787 46354 50945 16432 96353 65760
6 11 65818 25790 14815 78245 12638 77598 31230
21 15 55633 79794 41811 64065 88750 29472 7639
