100
6 1 1000000000000000
1 1 1 1 0 100 0
6 1 -100
1 1 1 1 0 100 0
10 1 8
4 3 4 1 5 20 -10
10 2 8
4 3 4 1 5 20 -10
10 1 8
4 3 4 1 5 20 -19
500000 0 872345930504952
71038113 71038113 0 0 71038113 1000000000 0
500000 125000 125000
1 0 0 1 0 2 0
313643 0 -287083320945858
780313049 780313049 0 0 780313049 1000000000 0
500000 6870 -31149
1 4 535577197 777304818 918566762 5 -2
500000 73473 -2494792
1 2 433402235 15316459 601676532 11 -5
500000 500000 -312654137944901
703862381 51733034 379418524 848216050 872762805 650489491 -498121104
500000 295736 4429209
1 7 562611518 286984307 679721136 11 0
500000 203179 239318
7 8 124581575 133416561 419920308 11 -5
500000 498830 -4849382
6 0 878015221 95667766 489693669 11 -10
500000 440374 865102138823892
948920488 382291813 301409181 565657771 479102018 245707055 -175048191
500000 500000 1000000000000000
0 0 0 0 0 1000000000 -500000000
500000 0 757300707930022
171021069 171021069 0 0 171021069 1000000000 0
214151 140054 1000000000000000
746438590 134158274 636258706 903311063 372173240 155803503 -148192938
152252 93478 502742467850825
696674641 718561415 383440669 449571297 343300446 546737018 -131356059
500000 237126 855486667146347
608753727 777736293 137395441 371619896 660728922 938916905 -325787412
244269 99533 -27050381810503
703051602 888758674 142171332 524924523 234560288 279553242 -485113133
66553 786 111428160756162
997526809 676842275 761760163 755301392 930134510 542672423 -139851818
500000 500000 1000000000000000
157814104 323618434 467596207 418159644 265481493 665227631 -179925481
73229 61486 1000000000000000
970913004 632893293 779599171 704061176 413271029 359494509 -372143136
500000 454116 948385
5 8 868931270 776955660 175177576 11 0
214151 214151 -533221218573780
275695166 879021824 239797216 671956251 516816315 913967273 -445519158
500000 354008 3676916
4 5 325704447 749939391 324491525 11 0
500000 204332 3334041
7 4 10288228 595432236 251830801 11 0
500000 330566 -2718279
8 0 332626246 295458947 129349254 11 -10
500000 500000 1000000000000000
999999999 999999999 0 0 999999999 1000000000 0
500000 500000 1000000000000000
148174994 278831251 346043340 741716886 31842973 922432945 -436081633
500000 475028 -1275948
9 10 282907335 196235454 224881619 11 -10
500000 500000 1000000000000000
921573111 453092315 18076761 177313725 723629580 256997887 -205452538
500000 0 1000000000000000
1 1 0 1 0 1000000000 0
500000 78091 -1840110
8 3 846211780 416202686 61403044 11 -10
500000 358042 -4018344
4 6 614027858 336002951 108591688 11 -10
3 3 1000000000000000
0 0 0 0 999999998 999999999 -499999999
500000 220695 17088
2 8 854850864 504171468 547072652 11 0
500000 390541 -4045277
5 7 838823707 863300684 142197230 11 -10
500000 138246 1000000000000000
827657045 607228435 495860931 948182368 790285065 613538863 -52388747
426868 74164 -120954591091221
545854863 858725669 115250119 860599348 472957432 210611859 -405566848
500000 141062 354889
3 3 420360475 806720467 155795919 5 -2
2619 2086 1000000000000000
716810602 716796806 277400012 635042886 52426090 857566861 -426303733
44022 0 -148551312066847
799892843 799892843 0 0 799892843 1000000000 0
214151 119680 -443059013008910
358981564 199167621 556514300 412189316 231625021 510486387 -301955772
3 3 1000000000000000
999999998 0 0 0 0 999999999 -499999999
73229 73229 -875656408576130
3162640 444321645 909525899 754981993 552956691 818949159 -285591677
500000 365002 1000000000000000
147802062 80414888 707169709 328212932 128822528 186978469 -14217946
66553 46816 1000000000000000
958580671 691118327 203823722 43608954 346402332 299624653 -182902258
382510 0 285068309977933
814596955 814596955 0 0 814596955 1000000000 0
73229 12597 -967341606504251
25236246 783216180 667020169 201429559 658314227 978178067 -215419654
500000 298755 -86917567005466
74546944 222594940 42735943 227867372 100392174 437238039 -182347734
66553 66553 898445088077163
529583354 366253044 672476763 640059484 435119871 2582047 -387260954
414892 177998 -114343848847984
379735066 166724659 634090819 590612728 881559018 525236285 -98208873
500000 121292 -89557
6 5 651407107 614381244 474750879 11 -5
40564 40365 -156101079005486
810723577 733367401 852657393 691910472 782972656 711863421 -341394046
2619 2619 423637635226207
34166549 399447289 298006786 879575554 470002690 460338297 -266059981
500000 211329 -544520907814195
335487876 599065475 516635256 961537172 418676008 700099631 -180790591
500000 22113 2355196
7 7 620367332 880617906 468225216 11 0
500000 151847 -3108665
4 2 396129117 850058711 789829308 11 -10
500000 471814 632559
2 2 277115264 806835170 343319518 5 -2
500000 393281 2484967
5 2 213263439 2169402 211091773 11 -5
269000 60311 183953137765201
799953757 149796600 453432348 969013743 811709849 325864791 -470101650
500000 415474 1414414
10 2 32938916 906019005 578211865 11 0
2 2 1000000000000000
1 1 0 0 0 1000000000 0
144225 3205 -236028244908653
320883799 339482659 250474388 779673998 227148930 624534015 -69950076
2 1 1000000000000000
1 1 0 0 0 1000000000 0
359600 359600 1000000000000000
89530436 733818408 94830271 231528099 773867490 143653627 -420696378
500000 286365 1000000000000000
860559112 779667369 480123132 817107651 233424768 435001039 -271617410
425034 425034 1000000000000000
89366290 574627981 998690326 813211541 899645100 259420231 -29528447
500000 160971 304121
6 0 736570576 690430550 758750389 11 0
110740 16011 789642606095741
641004650 475273964 319967636 899493718 588473280 541845698 -126873011
500000 24343 1000000000000000
848493078 162724813 637509647 485597743 618837522 246893685 -494680257
326973 259789 -17199090571356
930352943 933413602 383766949 397175523 537050601 735170683 -115541232
500000 467928 -878021
6 4 961668228 616270052 748817586 11 -5
500000 500000 -383636039556551
631326998 246781524 696940197 502678512 140235262 87958395 -487023032
336356 93958 396090192571692
586417990 543411821 315900511 646864703 733886794 533073124 -448605298
500000 262600 90224
2 3 911776238 625756267 518130642 11 -5
475995 475995 1000000000000000
119489531 855391803 417186818 17730239 887044331 843961165 -465396394
500000 266219 -147452
1 0 929290266 395080752 311085856 5 -2
27627 3737 -384412718540048
606529105 37692538 64057060 883854492 215078142 530137708 -355399769
500000 183000 1348172
7 8 258366637 376639558 365080963 11 -5
290850 141611 -325581208796468
32087290 588811470 398132675 612710002 400473484 565468357 -41917743
2619 853 -417120889954976
425176407 303034239 926026023 998739275 604153273 91130783 -95917410
2 0 1000000000000000
1 1 0 0 0 1000000000 0
500000 266796 -518942
4 3 32573274 794589375 439411249 5 -2
500000 0 532097710851616
406051867 406051867 0 0 406051867 1000000000 0
500000 500000 -717753072960681
214616935 527539186 947343862 710327540 380660710 852721385 -33837848
500000 94375 278790
5 5 520478476 764615630 49797367 11 -5
185396 101334 139648023035026
297684952 161180883 400417567 703096453 8327757 70505493 -250246196
500000 500000 943939410047191
730136454 316652848 211520377 780108986 641828944 102170267 -216619955
40204 16841 295196632086054
907171018 22676813 153444078 693784662 663058337 833403809 -35701936
500000 151182 222114
2 0 84821366 135581134 891207364 5 -2
500000 194182 -4257916
8 8 29225328 286801031 952724928 11 -10
383514 383514 1000000000000000
531783533 532396543 453140105 345866415 454286674 83235611 -118571318
408700 0 2443274168290
734266067 734266067 0 0 734266067 1000000000 0
500000 169034 -50974
2 3 582026647 970742695 391304734 5 -2
500000 292588 552740
4 1 906924285 615968592 85111626 5 -2
500000 0 -831324036802278
981022795 981022795 0 0 981022795 1000000000 0
500000 500000 1000000000000000
871532369 647611867 91843223 152203638 550964883 110002117 -29405894
