100
2 1
2 2
3 1
3 2
10 5
100000 1
100000 100000
100000 50000
81591 10582
87109 16651
97092 36037
92705 92050
93352 79854
85976 29938
98605 36549
99273 58056
96276 34513
84811 27638
93075 59758
88907 56506
92470 16562
93751 72074
94602 63112
87751 83487
80259 40387
83423 22895
96380 80421
93845 72874
88557 79541
91865 82054
90725 16028
92592 32499
94012 49184
95698 26183
97875 60563
93244 28000
84171 41061
83552 78216
85475 82202
87084 25415
90995 76533
95617 35130
82428 34859
91409 68645
81748 23869
94349 63095
97782 47031
80691 64825
88661 68169
95051 51763
82504 47994
80109 16581
85650 64228
89239 28883
90163 6686
87893 57796
86313 15688
98639 44220
84181 18460
80297 66920
98546 17720
92478 62551
95845 83367
88790 75672
82410 38066
94051 88741
92626 66568
95387 27144
85237 39208
98925 80050
85371 74643
99786 97322
97240 73970
91705 42509
93666 88323
95219 81749
82942 52575
82512 23710
93691 10943
86643 57180
86682 82466
96306 68630
89191 70517
92289 35400
96695 89757
81695 69408
82364 26738
82654 16463
85204 10130
98125 78533
87227 9466
92615 32408
87170 78772
83431 12797
96793 29905
99567 69512
98876 10971
89827 36381
94559 44049
84344 57882
