100
3 3
1 2 1
1 3 6
2 3 4
6 5
1 2 6
3 4 0
5 6 7
3 5 1
4 6 2
3 2
1 2 0
2 3 10
4 3
1 2 0
1 3 1
1 4 2
2 1
1 2 0
2 1
1 2 1
10 39
1 2 0
2 7 5
2 9 7
1 4 2
1 8 6
1 6 4
1 10 8
2 3 1
2 5 3
1 3 69710
9 10 78846
4 7 84044
2 4 54613
2 8 5063
3 10 13298
2 10 53188
3 9 76714
7 10 39466
5 9 34477
4 6 32114
2 6 73672
1 7 93940
1 5 96118
6 9 8041
5 6 83826
3 8 28000
7 9 22332
6 7 43289
3 5 397
1 9 89850
4 5 26611
5 10 61577
8 9 28717
8 10 22686
6 8 35736
4 9 71968
3 6 52347
6 10 89714
4 8 57065
10 22
2 5 28449
4 9 80545
3 8 63026
5 7 44124
3 4 72667
3 9 22404
1 9 67509
1 5 48524
1 4 16009
6 10 77524
8 10 57793
1 2 32768
8 9 98030
5 6 76889
3 7 20930
6 7 1248
2 4 59163
6 9 64495
4 5 21632
4 8 53792
7 9 48287
2 9 10575
10 32
5 6 64630
6 10 75892
3 10 74120
3 6 58938
4 8 98904
1 9 40224
2 10 27495
6 8 55691
4 6 30124
5 9 12616
7 10 87395
3 4 16956
6 7 14257
2 9 93997
3 8 96862
4 9 873
2 6 23941
1 7 8755
6 9 86443
3 9 81606
2 4 89739
2 5 19114
3 7 30726
4 10 90452
1 3 14433
7 9 69715
5 10 76651
5 7 72954
8 9 70307
1 2 98367
4 5 88630
2 8 73959
10 42
1 10 73132
2 7 55151
1 2 2361
2 9 27906
1 8 7425
2 5 75426
9 10 67131
3 9 43331
2 10 69383
3 6 47831
6 7 1830
3 10 88139
3 4 3363
1 3 30063
2 6 92137
5 9 8447
1 9 12644
2 3 83293
6 10 91981
2 4 96881
1 4 14556
5 7 30176
6 9 70746
8 9 33167
7 9 9703
8 10 80429
7 10 97388
2 8 460
4 5 55946
4 9 52705
5 8 9000
4 7 52211
3 7 8714
4 8 40301
1 7 24115
5 6 66794
7 8 60793
3 5 36293
5 10 69224
1 6 71483
4 6 27670
3 8 82692
10 12
6 9 2967
6 10 25447
3 10 66652
1 7 69817
4 10 83873
8 9 71785
1 9 86450
3 8 32881
7 8 92000
7 10 5041
2 4 96514
5 8 72409
10 11
4 9 54241
3 7 97464
3 6 4936
4 5 51813
2 3 3821
7 8 42156
5 8 40140
2 8 20033
1 9 70134
2 7 6500
5 10 1166
10 22
5 8 13498
2 7 55226
1 10 96565
4 7 98821
3 9 29767
7 10 53453
4 8 95690
9 10 10786
8 9 18962
2 6 93328
6 9 93541
6 7 60479
7 8 59099
1 2 20863
4 9 82814
3 5 4957
5 7 89256
3 7 96369
3 6 57257
1 4 23538
3 8 20741
2 5 19912
10 23
2 9 81205
6 7 51775
3 8 46313
1 2 49462
3 10 28424
4 7 59387
2 3 41921
3 9 37912
3 5 6294
3 6 49085
6 8 75654
6 10 82517
1 10 4182
5 9 44110
2 7 95645
8 9 70509
4 9 12767
2 10 67542
7 9 82274
3 4 95773
8 10 23783
1 8 91723
5 7 79385
10 39
1 2 62826
8 10 17547
1 3 56188
6 10 27565
4 5 20474
6 7 19473
4 9 45561
7 10 69053
2 9 90849
3 7 83453
5 10 48872
6 9 77599
9 10 63948
3 8 5092
1 10 79622
3 10 72769
4 6 74631
4 8 21770
8 9 36360
2 3 11071
4 10 5730
3 9 60142
2 6 77929
5 6 14804
6 8 33577
2 5 4127
5 9 48279
2 8 86092
1 5 90946
1 7 19221
1 9 36980
1 6 23621
2 7 40053
3 5 48972
7 9 35916
2 10 20369
1 8 88641
3 4 93405
3 6 14111
10 28
4 8 67073
1 4 89875
1 8 71469
6 8 73666
2 4 93018
6 7 4657
1 6 10327
3 8 36744
7 10 19341
2 5 19508
6 10 90199
2 9 75816
7 8 45339
8 9 18824
5 7 52110
5 9 25447
5 8 11369
8 10 10958
2 3 73852
1 9 87285
1 7 67396
2 10 6056
7 9 32381
4 9 61633
3 4 21738
1 10 40077
1 2 17809
2 7 45027
10 27
7 10 38485
2 3 80627
4 8 66782
1 7 26655
3 5 41680
2 7 52308
8 10 47141
4 10 6252
3 6 54786
1 4 26799
2 4 97931
5 10 73448
3 9 16410
1 10 68975
1 8 91447
2 8 79906
7 9 14874
6 7 1637
2 9 85371
9 10 65482
6 9 44262
1 2 39981
5 8 76725
4 5 28371
4 7 18817
3 7 54563
5 6 46917
10 26
2 9 96498
6 7 73892
7 9 52844
6 10 39453
2 3 65791
1 6 23984
2 5 20181
3 7 47965
3 8 8167
1 2 34477
1 7 65640
9 10 29668
8 9 23546
4 7 25885
4 10 19884
2 10 26731
3 4 89018
3 9 5493
1 4 90322
1 9 61294
3 10 47884
5 8 73871
2 8 89954
5 6 44446
5 7 94842
1 5 48704
10 25
6 7 58633
3 8 34978
7 10 36770
8 9 5931
8 10 91887
5 6 33339
1 2 27172
2 3 56798
4 8 95586
3 6 55210
6 10 65108
2 4 6957
1 7 69004
3 10 89189
3 9 35497
4 6 86470
3 4 14525
2 10 83171
7 9 64806
1 3 20194
4 7 24951
2 8 10488
3 7 54854
1 6 97636
2 5 42793
10 11
1 3 95298
4 9 20946
2 10 98387
2 5 35707
1 7 47926
3 5 79344
6 7 79617
1 9 79309
7 8 2390
1 10 21947
8 9 28852
10 40
3 6 92696
4 7 13155
1 9 56900
5 6 77453
1 6 13471
3 8 25006
2 10 26844
3 9 99712
2 8 88561
8 10 56560
6 10 97298
1 2 96948
7 8 51110
1 10 82173
2 6 80038
2 5 2471
6 8 52000
5 9 32360
6 7 6398
1 8 70606
3 5 8705
1 4 39797
3 4 94296
4 8 21474
5 8 60883
3 7 96121
4 10 73268
2 3 38912
3 10 82778
1 3 63016
6 9 97829
5 10 29750
7 9 12391
5 7 37503
8 9 933
4 5 89607
9 10 41732
2 9 57072
2 4 7663
4 9 47104
10 37
2 3 57116
2 8 69641
1 8 91851
2 7 77844
5 9 4208
6 9 65993
6 7 95789
1 6 2559
3 5 59612
1 3 81599
3 6 88685
2 4 4098
4 6 15948
5 8 32477
2 6 34106
1 7 73914
4 8 63341
8 10 87361
5 6 36674
4 9 10409
5 7 9838
3 10 70279
6 10 9607
2 9 88159
4 7 66627
4 10 76850
1 2 29590
1 4 68060
1 9 25878
9 10 12198
3 4 93205
6 8 97485
8 9 98050
3 7 96524
7 9 97914
1 5 86589
3 8 22249
10 23
8 9 17838
1 9 27387
2 10 61467
3 7 74239
5 7 91531
2 9 756
3 9 8447
7 9 44016
1 5 53237
5 10 1113
1 8 44771
2 3 76995
2 4 39703
1 3 76836
2 5 47344
1 10 41720
4 6 96233
2 7 84614
5 9 35249
4 7 15193
9 10 31880
8 10 30607
3 5 30257
10 23
2 9 57938
1 8 34072
2 5 22562
8 10 45699
3 7 78748
2 10 7244
2 4 59818
1 2 16521
6 9 52730
7 10 52802
4 7 70687
4 10 1896
5 8 94252
4 8 62422
7 9 5861
1 3 29322
4 5 36421
3 9 36782
6 10 17592
6 7 23307
2 6 42383
5 10 64585
2 7 62742
10 38
7 10 86928
6 8 6248
1 8 36950
1 5 34567
2 10 50629
7 8 27217
3 6 62204
3 5 34688
3 8 63786
4 7 59623
5 6 56187
2 5 4377
2 8 86493
2 7 67094
3 10 86784
1 2 65400
4 6 93178
6 7 5425
4 8 14877
1 3 72451
1 6 68398
4 10 94635
2 6 81427
1 7 2901
5 8 27055
1 10 51353
5 9 55244
7 9 46366
1 4 90638
6 10 50906
9 10 97752
3 4 77554
2 9 8912
2 4 51676
1 9 9038
5 7 65058
3 9 23172
8 9 83264
10 32
7 10 23540
7 8 47853
2 8 56207
3 6 95054
1 5 80777
3 10 38028
2 6 64060
1 2 61270
3 8 52479
3 7 19892
5 7 8411
5 8 26238
4 5 43867
7 9 36280
2 3 21583
4 10 49008
6 9 79157
4 6 1809
3 4 81642
4 8 19181
1 10 95859
2 9 34452
1 8 77768
2 7 43856
1 4 20512
6 7 5816
1 3 39568
2 10 25512
1 6 66810
9 10 59094
8 10 62722
8 9 56960
10 27
9 10 54797
7 9 21527
4 10 2505
1 10 78505
1 5 6900
3 10 38747
4 5 21042
3 6 61145
4 9 39276
1 2 50408
1 9 46551
4 6 39244
1 7 44797
4 8 39897
2 4 51766
3 7 47598
6 9 40465
5 9 52458
3 4 48723
6 8 28001
3 5 44743
2 10 9453
2 6 72222
4 7 29598
3 8 1881
1 6 1915
8 9 26639
10 31
2 7 85025
1 5 43050
2 5 17039
4 8 19263
1 10 77524
3 4 54081
5 9 45965
1 2 7155
8 9 14692
9 10 50091
6 8 94122
6 7 54126
2 4 42497
1 6 81740
5 6 24498
7 10 99994
1 3 44210
5 7 14282
7 8 73681
2 3 65221
5 10 29638
7 9 6655
3 5 46514
4 9 33120
3 9 10660
2 8 53076
8 10 45097
1 9 92354
2 10 29134
2 9 48735
4 6 28174
10 20
4 7 85133
4 6 36148
4 5 69148
4 9 88656
6 9 11038
9 10 2643
3 5 670
2 7 13212
2 10 18134
1 3 62712
8 9 6001
5 8 72271
5 9 45277
6 8 4001
2 8 28690
1 9 3481
8 10 99820
6 10 70223
5 6 5667
1 4 41197
10 22
3 10 99607
4 6 54855
9 10 6159
5 10 1927
1 7 51247
2 6 10521
4 8 44512
1 10 21014
1 3 34575
2 8 23117
4 10 9255
7 10 53632
8 9 50006
1 5 19192
5 7 37702
2 9 53635
3 9 38067
5 6 56760
3 8 63767
1 8 11946
3 7 42244
4 7 39030
10 14
1 8 12311
2 6 48913
7 10 27773
2 7 62460
3 5 38163
2 3 43567
1 10 25229
1 9 61489
5 10 11254
4 6 4877
1 5 2131
6 10 27389
5 6 62578
6 8 17640
10 44
4 10 75386
5 6 79919
2 5 88795
5 10 78328
6 9 29720
3 8 15296
7 10 91371
5 8 35668
6 7 3590
3 9 74522
8 9 53077
2 10 35729
1 2 8580
3 4 4906
4 7 51182
3 6 96734
2 7 37819
4 5 95038
1 3 46358
5 7 41189
6 10 85520
1 6 71608
6 8 93059
9 10 80223
2 6 15595
1 4 53780
1 10 91366
1 5 579
2 8 26186
3 10 71731
4 6 90558
1 9 35513
4 9 16383
7 9 46111
3 7 77569
2 9 9796
3 5 23933
2 3 62824
1 7 69109
7 8 18875
5 9 20075
4 8 67546
8 10 86803
2 4 27750
10 29
2 5 29913
2 7 97316
5 10 68995
1 9 28726
5 9 737
5 8 89142
4 9 15109
1 5 66809
3 7 23663
7 8 58189
4 10 30990
8 10 95961
6 8 80461
3 10 78778
2 10 15776
4 6 12077
5 7 12379
4 8 42244
6 9 15940
1 3 42252
6 10 40380
1 4 89709
3 4 55316
1 10 25756
9 10 30896
2 8 7200
2 3 87139
2 9 95998
3 9 22513
10 43
8 10 60155
1 9 83234
4 6 31811
1 10 98581
1 5 90227
3 10 93709
7 8 30640
1 6 44945
2 7 41903
5 6 91209
6 9 25465
6 8 35519
6 10 96177
1 2 10665
1 3 74832
4 8 51926
3 9 94498
2 6 15458
2 10 47622
1 7 70901
4 9 76848
4 7 45162
1 8 65889
2 8 40032
4 5 65532
9 10 86334
3 6 97323
3 7 24092
5 7 75510
2 9 2790
7 10 92511
3 8 70955
8 9 95069
5 10 3669
2 5 58287
4 10 15811
1 4 71060
7 9 86652
3 5 76597
2 4 34095
3 4 53850
5 8 99983
5 9 95393
10 36
7 10 16858
2 5 94528
3 9 39915
5 9 64500
1 8 61543
4 7 65195
2 8 46855
4 6 25865
1 6 57414
3 8 9143
1 10 47301
1 9 65936
3 10 99433
2 4 40582
3 7 26031
7 8 95313
5 8 17391
8 9 46105
5 10 25497
1 3 98761
6 8 92400
2 7 38699
4 10 32728
1 4 49091
9 10 29279
4 8 45545
8 10 96030
2 9 1658
2 6 28570
1 7 45075
2 3 53250
3 6 64669
6 9 58214
6 7 78009
3 5 18397
5 6 43885
10 17
2 4 20442
3 8 17560
7 8 32515
4 10 4259
4 6 57494
5 9 17820
6 7 74082
6 9 60300
8 10 60589
1 2 14713
9 10 69036
1 8 15728
7 9 32730
5 7 26852
1 10 55780
1 4 2605
3 9 72693
10 22
1 5 58822
6 8 84590
2 8 30548
7 8 61566
3 4 77091
3 10 73617
5 7 92774
2 4 83242
4 8 68705
5 6 33938
9 10 66648
1 8 79433
1 10 12269
1 6 9051
2 5 80496
6 9 40364
5 8 42642
5 10 64902
4 6 5984
3 5 42977
4 5 6534
1 4 53392
10 40
2 5 1714
1 3 2060
3 8 78510
1 7 49571
4 10 75677
6 10 59157
2 10 67188
1 4 41871
1 2 99959
8 10 39543
5 8 39249
4 8 73383
2 6 99913
6 8 18562
1 5 20175
2 8 44024
4 5 18662
6 9 8282
4 6 80298
5 9 92853
9 10 11579
7 10 85551
2 7 55218
6 7 60020
3 9 52620
3 10 91102
5 10 93847
3 6 85332
8 9 16385
2 9 37949
4 7 46070
5 7 16960
1 10 14671
7 9 19787
1 6 74146
1 8 15680
3 5 84709
5 6 66079
4 9 78134
3 7 88543
10 12
3 10 27843
3 7 28926
6 8 34562
5 10 9556
1 7 28830
3 4 22568
6 9 73704
2 4 51699
2 3 83485
8 10 49884
3 9 16790
1 2 11188
10 43
1 3 76265
1 4 45685
2 10 91336
5 10 72544
2 9 47820
2 4 7797
7 10 48968
4 6 31173
4 5 23130
1 10 66957
1 7 89619
7 9 91249
2 3 23087
5 6 63479
5 7 78244
9 10 78539
3 6 14484
2 8 33818
2 5 3547
4 8 34631
3 8 43105
6 9 97876
6 8 97429
1 2 17912
4 7 92058
3 5 65359
5 8 93875
3 9 55749
1 5 7355
6 10 49162
5 9 93856
7 8 10382
3 4 71788
6 7 59919
3 7 47747
2 7 14232
8 9 9510
1 6 82885
4 9 95808
3 10 9186
1 9 42970
4 10 62744
2 6 467
10 35
5 10 8051
4 8 1895
5 9 81956
1 3 45454
5 8 91243
1 6 96681
1 4 12286
2 10 252
2 3 86017
2 9 33428
4 6 41947
3 4 34336
8 9 58183
3 6 83470
2 8 72186
3 8 93730
5 6 98223
1 7 96029
3 5 12107
6 10 94741
6 8 72042
1 9 41515
2 7 82012
1 5 61667
6 9 95179
4 9 8760
4 5 77380
4 10 54545
2 5 18089
7 9 70596
7 10 46874
8 10 50878
3 9 36646
6 7 27917
3 10 7344
10 36
9 10 94672
3 5 53765
3 9 57188
1 9 50280
5 10 31535
5 8 69787
2 4 29591
1 6 11839
1 8 33641
1 7 50154
3 10 96148
5 9 65896
8 9 48951
4 8 68569
2 10 60025
2 8 65760
7 10 40781
2 9 914
1 5 23675
2 5 91860
2 6 37685
6 7 2048
3 8 61810
4 5 52051
6 9 87327
1 2 4373
1 3 12148
7 9 70652
5 6 28644
4 10 28100
4 9 97712
6 10 68549
8 10 32577
2 3 75443
3 6 29072
4 6 63477
10 34
2 6 91822
8 9 26470
7 8 14278
2 10 88993
1 10 31842
1 5 5349
1 8 28543
2 7 93222
4 10 98780
5 10 51140
9 10 67249
1 3 93031
4 6 86239
2 3 83261
6 9 60383
7 10 67426
2 5 87482
3 7 2974
1 4 18770
3 10 52091
1 9 99755
4 9 51783
1 2 44786
1 6 90846
3 4 76348
6 8 62780
8 10 39963
6 7 6687
5 6 14687
4 5 73981
6 10 12040
5 7 37546
3 9 95136
3 6 83385
10 23
1 3 85198
1 7 53117
3 4 27003
3 6 67045
6 8 8978
5 10 45806
1 5 33195
3 7 67606
2 5 90716
1 4 32454
2 3 32044
6 7 38150
6 9 81847
2 4 30189
5 9 1876
4 6 2965
7 9 73771
5 7 85737
5 6 20631
2 10 72149
2 8 18157
4 5 71692
2 9 19217
10 16
2 9 98180
2 5 99453
5 10 67309
1 6 33329
6 8 13738
1 3 34869
4 6 6621
3 6 51261
5 8 29360
7 9 80229
8 10 75718
1 10 70396
6 10 28781
4 7 47682
3 5 82287
3 8 61663
10 30
2 3 26614
4 5 47247
3 7 67250
9 10 75733
6 7 47518
3 10 23181
6 8 28012
5 10 46347
2 6 55290
6 10 75594
5 9 47823
2 9 53238
1 10 26462
8 10 15006
1 6 86016
3 5 37740
1 2 20836
2 5 20782
1 7 81768
1 3 84395
2 4 11183
4 10 82598
2 10 17906
4 9 75073
4 8 13964
1 9 60101
1 5 60518
2 8 50136
3 9 6569
8 9 81630
10 13
1 4 67852
1 8 73701
4 7 49805
5 8 25489
5 10 66344
5 7 1136
4 9 92730
4 10 72498
1 2 75834
6 8 29432
3 10 19761
3 9 39348
4 8 40288
10 13
3 5 83877
9 10 17096
2 9 79986
4 6 25609
6 8 11935
2 3 26212
5 6 92652
1 10 84825
8 9 73817
3 7 72493
7 8 27383
3 10 23335
3 8 32486
10 12
7 8 85513
5 6 9443
3 6 86392
8 10 57667
6 7 74986
5 10 37553
8 9 35867
2 10 68468
2 8 95964
3 7 56066
1 6 67316
4 7 68204
10 45
5 6 97197
4 5 57007
1 6 38610
1 8 61907
6 10 87246
8 9 3627
4 8 30172
6 9 93735
1 10 50308
5 9 82486
1 7 50649
2 9 16301
5 7 3888
7 8 79047
2 7 27322
2 8 10960
7 10 94758
2 10 58663
8 10 35827
2 4 95345
6 8 19732
3 7 30995
1 5 96949
7 9 76562
6 7 74736
4 6 72637
9 10 98059
3 9 81645
3 5 33544
2 3 28136
1 9 993
5 10 28579
4 10 34248
3 8 15463
1 3 92623
4 7 92982
4 9 10180
3 6 88050
3 4 99436
5 8 15691
2 6 99999
3 10 58363
2 5 34770
1 4 9185
1 2 85049
10 22
9 10 86782
1 10 0
2 10 25240
2 8 65942
2 3 72662
3 4 11569
8 9 50687
1 5 98190
7 10 42569
3 6 311
2 6 77713
5 9 16485
2 7 16731
6 10 73523
2 9 72775
5 10 26915
4 7 36279
2 4 95804
5 8 85607
4 5 3678
4 10 45511
1 3 192
10 13
9 10 72325
1 2 75387
2 6 52708
3 4 63023
4 7 8780
3 7 80304
2 8 4407
5 10 0
1 10 97575
1 8 37622
2 5 14564
3 10 9564
2 4 90445
10 44
1 9 92877
3 7 3535
1 3 99864
4 8 94917
8 9 75380
5 8 31772
9 10 29812
2 8 57008
5 6 770
8 10 84864
5 10 10710
6 9 50461
3 10 53794
5 9 8732
1 2 1650
6 8 63166
2 5 31692
2 9 59667
6 7 86143
3 6 58220
1 4 19787
4 7 87692
3 4 48562
4 10 14844
1 10 18652
7 10 24365
4 9 9545
3 8 84326
1 6 25078
1 7 79198
2 4 10093
7 8 42927
5 7 20110
1 8 14131
2 6 39351
3 5 75092
2 3 72881
2 10 5062
2 7 55230
4 6 70361
1 5 0
7 9 81648
4 5 2912
6 10 26998
10 35
1 3 54347
1 2 73812
1 6 5146
1 10 9265
1 4 26915
3 7 20835
8 10 95736
3 8 59358
4 9 99030
4 10 66835
3 5 15570
5 10 15694
1 9 89205
7 10 8969
6 9 0
1 8 85550
3 6 17475
7 9 19256
5 8 52660
7 8 49768
6 7 9666
2 6 79106
4 8 97223
3 10 23437
4 7 46285
4 6 35222
6 10 80930
5 9 24073
3 4 64597
2 9 743
2 8 47913
2 3 71681
8 9 32743
6 8 8742
4 5 39409
10 27
3 8 83773
2 3 31209
5 8 9150
3 5 60717
7 10 63467
4 6 5881
1 5 31526
5 10 36456
4 5 46723
2 5 27135
1 4 98641
2 10 49059
6 9 21103
6 10 48757
2 4 43527
7 8 93
8 9 0
3 6 37513
3 4 33715
1 10 33291
9 10 93605
4 10 66633
5 6 34787
1 8 9641
6 7 78699
1 3 12025
3 10 13720
10 19
4 5 96683
4 6 28375
4 10 0
2 7 35206
7 8 35778
2 6 96694
5 9 55821
2 4 24623
2 9 69037
4 8 25906
8 9 14490
1 6 93340
3 10 37641
6 8 5283
3 5 68682
1 2 78734
6 9 33819
3 8 89459
2 8 26693
10 42
5 10 52868
1 6 54556
3 9 51928
2 5 23577
8 9 18689
1 7 91591
5 9 43527
3 10 64216
7 8 43504
6 9 99857
4 9 88669
2 6 59348
9 10 89591
5 8 72972
1 4 8660
7 9 93616
3 7 1535
6 10 97309
3 5 54647
2 10 61841
7 10 62950
2 8 62237
1 3 55902
1 9 77756
5 7 20169
2 7 502
6 8 73108
4 6 52818
4 5 69913
2 3 58722
3 6 36481
4 8 58660
8 10 13152
5 6 93208
2 9 64785
1 2 78233
6 7 0
4 7 88339
3 4 7181
1 10 23934
4 10 74090
1 8 50091
10 26
5 7 22188
5 6 51993
2 7 56332
7 10 80969
2 3 93025
2 5 88995
4 7 68475
3 10 95738
8 10 99680
1 10 74529
4 5 30600
2 9 40262
1 7 31485
5 9 57103
2 4 48108
1 9 54027
5 10 0
4 10 56950
3 9 40028
6 10 48644
6 8 97296
1 5 63005
1 8 17850
9 10 14003
2 10 50588
7 9 40281
10 39
2 8 83070
1 3 22078
5 10 45060
4 6 71669
1 9 59151
3 4 46715
2 5 95919
8 9 78552
2 3 35594
3 8 21562
5 6 97713
1 4 7010
6 10 67629
9 10 90011
8 10 37044
3 10 45659
3 6 52401
5 7 49112
1 10 50682
4 9 38302
2 9 29189
7 9 76592
1 7 67020
5 9 36713
1 8 48680
4 7 95183
4 5 47456
1 6 59533
1 5 63836
7 8 24694
1 2 1387
6 9 921
2 10 86978
3 7 91442
6 8 51085
3 5 8268
6 7 37330
3 9 92020
4 10 0
10 16
8 9 36101
4 5 43163
1 5 0
7 9 57958
8 10 49636
3 6 85087
3 8 90662
2 6 25796
1 10 68193
4 9 64704
1 2 62165
3 5 1761
4 6 68803
1 7 68096
1 6 63246
9 10 27532
10 33
1 9 72873
5 7 78311
1 3 23659
5 8 15399
5 9 72971
6 10 270
4 9 2284
7 10 2646
1 6 9091
1 2 5787
2 3 63185
3 4 15933
2 8 0
5 6 70617
1 8 45918
8 10 11036
6 7 74637
5 10 26542
2 6 17760
3 5 33435
3 10 22754
2 9 14884
6 9 28700
8 9 11453
9 10 22407
3 7 68152
1 4 29090
2 5 74238
4 7 13454
2 7 71076
4 6 68309
3 8 57884
6 8 93635
10 35
8 10 95894
2 10 59042
3 7 64696
3 4 89088
1 5 58463
1 2 79821
5 9 69539
3 6 83455
4 9 65167
5 6 9339
5 8 38208
3 9 20072
6 9 925
3 5 8611
2 7 53173
9 10 15173
5 10 77807
4 10 75303
1 8 18411
7 8 26684
3 8 40
1 9 49131
2 9 63643
2 8 68926
7 10 20044
2 3 69701
1 6 35422
1 4 62619
7 9 38313
1 10 78270
6 8 69325
8 9 13551
2 5 48746
6 10 0
5 7 92155
10 39
1 5 40650
2 10 59478
1 9 14720
3 6 87609
2 3 42699
5 9 61735
3 9 12999
2 6 8630
6 8 62887
8 9 66319
1 7 74035
4 7 74845
2 9 54076
5 10 6131
2 4 90702
6 7 62946
1 6 4080
1 10 76085
4 8 50159
9 10 20072
3 4 32583
2 7 62747
4 6 82762
2 8 64191
1 3 49434
5 6 83948
3 5 33701
5 7 99605
7 8 20567
6 10 49408
1 8 92250
4 5 22401
3 10 73069
2 5 5334
8 10 39284
4 10 0
4 9 64435
1 2 38128
3 7 53146
10 33
5 10 13877
4 9 37223
4 5 25093
4 6 39548
4 7 99546
2 6 66593
4 8 12465
3 5 85929
4 10 35866
3 10 92716
8 10 24824
1 8 30263
3 6 49617
8 9 48960
3 7 89973
7 8 52749
2 9 54181
1 9 82985
2 3 63047
2 7 34032
3 9 71190
5 7 93665
9 10 0
1 2 96235
2 5 55712
5 9 52772
2 4 99530
1 10 67804
3 8 93433
3 4 22402
1 5 99638
1 6 98503
6 8 87704
10 15
2 6 82327
3 6 95367
2 4 54784
7 9 3473
1 9 15297
9 10 52383
5 10 81620
2 3 0
2 7 90420
4 6 16643
4 8 2962
6 9 55489
2 9 146
3 10 86948
8 9 23698
10 30
1 8 57551
1 4 65784
5 7 26857
7 8 76970
3 7 90725
1 3 78057
1 5 84050
6 8 60093
4 7 53504
7 9 6333
8 10 46832
1 9 32126
2 3 7376
8 9 10323
3 10 38280
9 10 18218
3 9 214
3 4 41403
4 9 71574
1 10 23732
3 8 62675
5 9 56651
1 7 51363
5 8 16117
1 2 86572
6 10 38432
3 5 0
2 8 8026
4 5 898
2 5 25888
10 17
9 10 18876
2 5 91563
3 8 64657
3 5 73676
1 2 99171
1 8 5189
1 4 87114
6 9 87460
3 10 15779
6 7 71531
5 8 87717
4 5 87044
2 8 0
7 10 92025
2 10 76848
1 7 76293
4 9 70824
10 33
4 6 63482
2 3 69527
7 10 1235
1 4 67808
3 9 3759
3 8 79931
5 7 79987
2 10 94397
1 5 46583
6 10 58931
6 9 42193
1 3 56196
3 5 73217
2 7 31384
2 6 9808
3 4 31468
2 9 0
4 7 65731
6 8 99626
7 9 62454
5 6 36308
3 10 16992
1 2 71939
2 4 42509
4 5 40892
8 10 46461
3 7 55869
8 9 50586
7 8 97237
2 5 50376
5 10 63193
6 7 29214
4 8 78115
10 10
6 8 38979
1 3 77271
2 9 37485
4 10 0
4 9 60205
3 9 19372
5 7 58417
5 10 21178
7 10 48523
1 8 74220
10 25
1 9 60615
4 10 46002
8 9 5511
4 5 0
4 6 62178
1 2 3243
3 7 89974
2 10 89148
1 7 49737
2 6 43697
1 4 15957
5 10 61515
1 3 23375
3 10 6149
1 10 56558
1 5 55710
3 6 6475
6 10 9594
8 10 88419
3 9 79002
6 9 98789
4 8 76838
2 5 11368
5 7 17955
5 6 98943
10 40
2 4 69349
6 10 46959
7 8 53467
1 5 26031
3 9 25120
5 6 40438
1 10 90008
4 8 14957
3 8 9987
6 9 77223
2 9 51355
1 7 72313
5 8 65475
6 7 85001
4 7 56031
2 8 66250
3 6 1589
2 3 19119
6 8 63023
3 7 54270
1 2 24275
9 10 1408
5 10 87372
3 10 78149
2 5 31671
7 10 18869
2 10 45729
4 9 10010
1 4 82425
3 5 61565
5 9 31434
4 5 23749
2 6 14449
3 4 88274
4 10 0
4 6 21931
8 10 39979
1 3 80185
1 8 15077
7 9 25289
10 34
4 5 83476
6 8 23839
9 10 90762
3 4 85023
2 3 46959
3 10 54277
1 6 34942
1 8 0
1 3 47305
4 9 52684
8 10 14841
3 9 35131
3 6 5935
5 8 70439
2 5 18565
4 8 38065
4 7 19259
2 4 60620
1 7 31120
3 5 75105
4 10 26490
6 7 3544
5 9 52840
1 4 17034
7 10 6830
2 8 78452
2 6 2180
1 9 44027
6 10 81469
2 7 99672
1 2 32520
5 6 54548
3 8 51257
1 5 90328
10 33
5 6 81328
1 4 71212
4 8 16412
4 9 46008
1 6 80052
6 7 707
3 6 28208
6 9 23740
1 5 7096
2 5 28308
2 6 11899
8 10 6338
1 10 67768
2 9 8328
4 5 58628
3 7 63818
9 10 9719
1 7 23505
3 4 81752
2 3 45007
5 9 74605
2 10 84344
2 7 73847
3 5 79030
4 7 38616
3 10 62505
1 2 0
6 10 27492
1 8 35661
2 8 64035
5 10 94727
5 7 82427
2 4 48795
10 27
3 8 37907
4 8 75476
2 10 59183
4 5 0
2 4 27499
5 9 1543
6 10 62253
2 7 87090
1 3 3061
7 9 15548
1 6 2826
7 10 25543
4 10 25950
6 9 18697
9 10 40470
1 7 41468
5 10 75398
2 6 37674
1 10 73167
7 8 50075
5 7 43549
6 7 43187
2 5 44323
1 4 97704
1 2 53009
5 6 10860
1 9 45577
10 37
8 10 99216
8 9 28713
3 9 7558
1 6 23968
6 9 417
6 8 33194
2 7 9348
5 6 95810
2 10 53335
1 4 63232
4 9 85658
4 6 54706
9 10 24457
1 3 42346
6 7 42040
1 8 79637
1 9 62976
2 9 26930
3 5 45207
1 10 20088
2 5 20676
4 10 64185
7 8 29749
4 5 64702
3 10 59700
5 9 50210
2 3 10082
5 10 442
4 8 15386
2 8 2021
3 8 0
7 10 40389
5 8 23556
3 6 2725
1 5 45996
7 9 47771
1 2 60572
10 12
2 4 39676
4 8 13029
8 10 25460
6 10 89889
2 7 86523
3 5 55332
1 3 0
1 8 46047
2 10 65604
9 10 18879
3 4 34254
1 5 98663
10 14
7 10 77054
3 6 0
1 3 89546
2 10 83790
1 8 23942
3 9 42388
7 9 89282
1 6 58448
1 4 35202
6 7 74844
3 8 7542
5 9 82486
8 10 99687
6 9 72590
10 40
8 9 34910
2 6 47960
3 4 90803
3 5 92407
1 6 56976
3 6 10346
1 3 27905
2 10 84056
1 8 6509
4 9 91664
7 9 21284
3 8 37024
7 8 48236
9 10 11518
2 4 42549
6 8 26983
1 10 11171
2 5 57099
5 9 78125
6 9 74760
3 9 67814
6 7 97950
7 10 2636
6 10 55434
5 8 76741
1 4 63609
4 7 45186
2 9 11633
1 2 26374
3 10 73227
5 7 75674
4 5 70157
4 6 25346
2 3 49676
5 10 0
1 5 41742
2 8 95580
3 7 65118
5 6 37338
2 7 7146
10 18
8 9 40999
3 7 84387
3 5 4787
3 4 51062
6 9 87709
2 7 94189
2 10 28241
4 6 18532
5 6 73178
7 9 19521
1 4 74660
6 8 9798
1 9 47251
6 10 73601
4 5 60935
3 8 0
4 9 25139
1 7 59181
10 37
3 9 37523
5 9 93194
3 10 18564
5 10 3421
2 4 62875
4 8 63588
4 7 16505
2 10 95970
4 9 83272
1 6 12579
2 6 89284
1 7 17475
2 3 24882
6 9 12725
4 6 34243
5 7 76137
5 6 34001
6 7 28996
7 8 14581
3 8 38229
8 10 15605
4 10 71981
9 10 75619
2 8 55169
3 4 62770
1 8 81462
3 7 31901
1 5 26592
3 6 40422
6 10 17269
7 10 70301
2 5 74388
3 5 31733
1 9 13930
1 4 67528
1 3 45301
1 2 0
10 33
2 9 37233
1 6 86838
3 7 1729
1 4 60599
8 10 70983
1 10 98562
3 9 64583
1 7 158
2 10 57719
6 8 27213
4 8 80784
2 6 45075
5 8 22034
5 9 9214
2 5 47533
9 10 30399
7 10 12242
5 10 0
2 7 34837
8 9 41681
2 4 95888
5 6 16258
6 9 40370
1 5 36130
2 3 12359
3 6 10783
1 2 86158
1 9 49903
2 8 5537
4 7 86217
3 4 21603
3 10 76843
4 5 22771
10 21
6 10 82988
4 6 74553
4 8 29737
3 7 30065
1 3 95059
3 6 0
5 6 54637
7 9 11690
6 8 3184
4 10 27427
1 2 23220
6 9 73845
4 7 54220
3 4 81282
3 9 14514
2 5 19733
5 7 95076
4 9 10149
1 4 65306
1 6 83453
3 10 76969
10 21
2 10 11161
3 4 65941
2 5 58220
5 10 0
1 9 3647
3 7 23811
8 9 36144
1 4 14303
5 7 9525
9 10 29
6 9 8863
6 10 80959
6 8 94467
3 5 32135
1 3 51998
1 6 59624
5 8 56161
5 6 72357
3 10 72356
2 8 82136
2 9 41549
10 44
5 6 84357
3 6 93231
9 10 54657
5 7 98723
4 5 64133
2 4 35413
2 9 30005
1 5 13196
5 10 27272
1 9 75428
1 8 16328
1 2 86832
3 7 86691
6 9 45275
5 8 66932
8 9 2960
4 9 6954
1 3 25789
6 10 70498
4 10 72114
7 8 45635
3 10 86772
4 8 74551
1 10 87502
3 5 87339
6 7 95831
1 6 98025
5 9 14705
4 7 19921
1 7 83950
2 7 69877
1 4 78989
2 6 39292
3 8 70125
4 6 53980
6 8 46894
8 10 73047
3 4 49777
2 10 30470
7 9 8168
7 10 66247
2 3 0
3 9 65373
2 5 7687
10 35
4 6 29740
4 5 95251
3 10 6293
2 5 21922
8 9 82787
1 8 0
6 8 14865
1 3 46018
3 8 61430
3 6 170
9 10 82030
3 5 56946
6 7 13743
6 9 33952
1 2 66430
5 6 92043
2 3 24535
4 9 98165
2 6 42851
4 7 33292
5 8 78507
1 7 60318
3 9 94928
2 7 49528
7 9 49052
8 10 90304
7 8 66010
2 8 55629
4 8 80081
5 10 59582
3 7 58626
3 4 91780
1 9 66647
4 10 73673
1 4 8588
10 19
8 10 6809
6 10 4682
5 9 77062
3 5 47789
2 4 28053
1 2 89383
5 6 37196
7 9 79028
6 9 64774
1 8 0
2 10 72446
2 8 72833
4 9 74010
7 10 66818
2 6 58721
5 7 82150
3 7 99537
4 10 74688
2 7 66866
10 44
8 9 68459
6 9 63538
4 9 37637
2 4 56016
2 5 86184
3 4 16016
4 8 58865
6 10 43890
4 10 42400
1 5 91616
1 4 39941
4 7 42268
4 5 6582
8 10 14270
5 7 15544
2 10 31337
3 6 1892
7 9 87844
2 3 9864
2 6 0
5 10 45083
3 10 5141
2 9 21293
1 3 40582
1 7 60712
1 6 4769
1 10 65627
9 10 31940
7 10 93932
5 9 29861
5 8 82538
3 7 72354
1 2 90972
7 8 33660
3 5 29555
1 8 65294
1 9 78355
3 8 5101
6 7 4383
3 9 28852
2 7 25705
4 6 94744
5 6 93041
2 8 91181
10 24
1 6 58195
4 5 0
6 9 11314
2 3 17345
3 8 64668
7 8 19401
3 6 8385
2 5 21417
5 8 32915
6 8 15057
5 7 31581
4 10 5398
1 10 16241
1 3 33265
7 9 96076
1 8 34614
5 9 31634
2 7 95857
5 6 24045
3 4 51072
2 9 25753
3 9 42841
6 10 43684
7 10 32628
10 14
5 7 87779
1 8 8323
3 10 31509
6 7 81068
4 10 0
7 8 22583
2 7 77800
4 6 55749
2 8 71925
4 5 14938
1 9 63124
2 5 85224
2 6 12183
7 9 38936
10 23
1 7 0
5 7 79965
5 8 26601
9 10 66713
8 10 17429
2 3 41920
2 9 62234
2 6 21511
5 9 55486
6 7 5059
3 10 56054
1 10 53521
4 6 86482
1 2 55626
3 7 52034
3 8 66436
2 7 81211
2 8 10244
3 6 96457
2 10 13315
7 10 22120
1 8 44557
7 8 59272
10 27
3 7 35424
7 8 63405
1 7 50703
3 8 7160
1 9 85967
1 4 63786
3 6 10746
6 9 40309
4 5 66304
2 5 4374
2 3 95641
5 9 79070
8 10 24999
2 10 62322
1 6 48532
5 8 28440
2 4 8784
2 8 95666
6 8 36253
5 7 0
1 10 47322
2 9 42941
1 8 87933
3 9 13068
2 6 11526
2 7 81608
4 9 4981
10 14
7 10 42795
3 10 3644
3 7 19191
1 6 88884
2 4 16204
5 7 0
3 5 62570
9 10 27680
7 8 66397
1 2 40613
3 4 49783
5 6 55150
4 9 22739
4 10 39952
10 40
9 10 93654
3 4 80070
6 9 48774
1 10 52059
2 10 2545
2 6 96259
8 10 60508
5 10 45338
6 10 92289
4 10 86776
1 8 9280
4 9 96844
5 9 73902
7 8 0
1 9 12063
6 8 76918
2 7 90416
3 10 31517
3 5 66709
3 6 55172
4 6 62636
4 7 98444
7 9 59584
2 5 1315
2 8 8517
5 8 90329
1 2 91620
3 8 97148
2 9 67807
4 8 88979
1 7 32750
2 3 11247
1 6 48327
5 6 75148
2 4 21128
7 10 45184
4 5 7317
3 7 24294
1 4 69832
6 7 447
10 18
6 10 14211
9 10 52565
5 8 34202
5 7 89148
3 7 0
5 9 52341
2 5 2770
4 9 91479
1 4 24854
3 6 71433
4 5 20831
1 9 8830
2 7 15854
7 8 16024
1 7 67524
3 8 88122
3 4 42582
2 3 3867
10 38
2 10 73824
2 8 85704
2 3 50637
2 4 57573
3 6 91224
1 3 85584
7 10 42180
4 5 42964
1 8 97357
4 9 6128
3 10 20902
2 7 12453
9 10 14372
7 9 24058
1 5 80012
1 7 11411
5 7 9697
1 2 344
2 5 27806
8 9 84043
5 9 73748
2 9 87058
6 10 73704
1 6 64853
6 7 50560
3 8 89861
2 6 28076
4 6 95630
5 6 65048
8 10 88322
5 8 21962
1 9 27160
1 10 32947
6 9 63493
4 7 96522
1 4 0
7 8 55844
4 8 31065
10 39
3 5 53807
1 4 96890
5 8 27408
6 7 67120
3 10 29113
8 9 78442
2 4 0
4 5 29501
2 10 70796
5 10 35836
1 5 61607
4 10 21407
7 8 56730
2 9 27264
2 3 82094
5 6 60293
1 7 17898
3 9 26735
2 5 13692
9 10 47933
3 6 10943
2 6 48249
6 8 20226
1 9 75666
5 7 89295
4 6 94609
7 9 69304
1 3 4642
3 4 28020
7 10 22667
2 8 20082
1 6 72956
4 9 69054
5 9 67479
1 2 97050
3 8 14033
4 7 36466
4 8 75800
6 10 98923
10 25
8 9 16937
1 4 85244
8 10 2852
1 6 85034
3 9 6055
3 4 58198
4 7 88050
2 10 80232
7 10 77387
1 9 0
5 7 43422
6 7 30118
5 10 40629
2 6 58411
4 10 8449
1 7 56137
1 2 41279
5 9 2694
2 7 26288
5 8 16512
3 6 63043
6 8 92166
2 3 95938
4 8 856
1 10 72540
10 25
5 6 67160
1 7 1032
7 8 71657
4 6 11299
2 8 51408
3 8 50583
1 2 18818
1 4 61649
2 9 0
3 7 96941
3 9 36055
4 8 91083
4 10 18100
2 10 558
1 9 21517
4 9 5667
7 10 86156
5 7 86335
8 9 32411
2 6 54118
1 8 74722
3 4 11686
2 3 30577
2 4 69623
9 10 26688
10 31
4 7 14161
5 8 23462
3 4 80074
2 6 4876
7 8 30308
3 5 89924
4 9 2367
8 10 47669
7 9 92752
5 9 73342
2 5 18647
1 10 71604
2 9 84886
2 4 43393
6 9 43755
5 7 51910
4 8 59804
1 8 54209
6 8 0
1 5 89496
1 4 3179
1 7 18838
6 10 52668
4 5 5032
1 3 6764
3 7 90817
5 10 61393
3 9 61794
3 10 71734
6 7 2972
1 9 95521
10 45
2 8 96885
2 5 93426
4 8 61247
4 5 31477
5 6 45227
7 9 60884
1 7 53330
4 10 27380
8 10 84833
5 7 21949
2 9 99507
3 6 30742
9 10 95907
6 7 79518
1 3 69814
2 10 20789
3 10 52894
4 9 47809
1 5 44554
5 8 6436
3 9 70353
4 7 722
6 9 47254
5 10 48980
6 10 98462
7 10 71630
5 9 89352
3 5 49203
3 4 45431
2 6 27735
1 6 61795
2 7 19862
1 2 77808
2 4 51827
1 4 7955
8 9 31151
1 10 9482
7 8 77404
1 8 27541
2 3 81819
3 8 0
3 7 72094
4 6 93534
1 9 20702
6 8 93521
