200
17 33
41 13
2 1
34 26
13 22
30 30
16 19
22 48
8 34
34 17
40 36
14 8
50 28
47 24
42 12
44 15
11 34
25 9
14 28
44 16
34 25
10 49
29 31
40 4
50 42
10 48
20 23
15 19
44 8
11 37
4 24
29 48
50 22
50 50
4 2
17 45
50 13
26 42
36 37
30 26
28 30
44 35
35 10
32 5
16 33
10 28
22 28
46 18
5 23
38 21
49 8
29 22
28 11
7 21
4 4
40 17
12 48
12 45
15 26
38 46
2 21
30 37
18 21
25 23
42 31
13 37
48 20
28 35
20 50
25 43
25 50
50 48
28 38
45 13
29 34
2 50
50 3
34 34
2 31
12 30
30 4
42 16
16 48
10 41
17 16
3 15
38 2
49 41
48 46
50 19
31 26
47 10
23 44
10 16
6 32
29 37
41 41
22 41
24 11
17 6
31 34
8 43
5 25
47 34
16 35
2 2
5 5
27 31
5 31
45 49
29 24
33 30
23 23
5 40
20 25
39 28
37 49
26 3
16 17
21 12
49 43
13 19
40 5
18 14
47 38
50 25
22 38
22 44
48 47
48 15
42 29
5 21
33 7
43 29
50 38
15 11
46 9
28 22
36 42
47 1
40 19
50 20
9 9
32 4
46 17
31 19
29 15
11 49
4 9
43 19
21 4
34 13
49 14
35 38
23 7
21 21
2 50
39 11
46 35
48 33
19 23
20 21
25 12
21 30
34 11
19 28
12 35
27 9
29 44
12 49
24 40
22 34
9 41
41 6
30 50
26 23
7 6
46 22
32 11
13 4
27 22
39 18
34 50
16 16
20 5
14 27
47 28
34 41
3 11
17 32
42 48
7 5
40 27
30 40
38 34
33 25
6 43
29 28
34 39
14 11
